UserId	Index
23172	0
35886	1
28350	2
36495	3
52834	4
62319	5
44041	6
61805	7
62332	8
32283	9
13815	10
41234	11
50265	12
5917	13
1860	14
30846	15
42104	16
9060	17
71420	18
7711	19
24234	20
30627	21
20391	22
35105	23
38119	24
21835	25
44361	26
24695	27
51673	28
21522	29
9522	30
15558	31
24495	32
26674	33
26920	34
28855	35
11338	36
32035	37
30977	38
57018	39
53045	40
40837	41
47179	42
24929	43
61915	44
32411	45
33577	46
24230	47
58087	48
69213	49
70743	50
6971	51
58747	52
41391	53
52983	54
34579	55
35223	56
38801	57
34783	58
41443	59
41394	60
69625	61
47384	62
60716	63
65135	64
46656	65
16389	66
67189	67
70974	68
2612	69
6757	70
10791	71
5829	72
41027	73
62880	74
33384	75
42551	76
43699	77
46033	78
50695	79
55590	80
59355	81
32538	82
29801	83
190	84
34295	85
9595	86
33251	87
20812	88
19018	89
14578	90
43281	91
26316	92
41178	93
11220	94
20938	95
38662	96
22931	97
43726	98
44264	99
26007	100
26152	101
19587	102
30274	103
30167	104
32293	105
25679	106
34197	107
37037	108
38340	109
38435	110
36659	111
39065	112
46695	113
46441	114
45478	115
52576	116
30500	117
51687	118
55936	119
50893	120
56620	121
2852	122
533	123
43102	124
25915	125
65500	126
29202	127
18600	128
51284	129
26528	130
20121	131
24240	132
70362	133
65308	134
13890	135
2517	136
61869	137
3301	138
4697	139
6443	140
70753	141
51033	142
8740	143
8892	144
8651	145
53610	146
12621	147
20025	148
12759	149
14895	150
14653	151
16004	152
52610	153
23386	154
17854	155
20709	156
15264	157
64411	158
15714	159
20263	160
20438	161
22872	162
65881	163
48802	164
26242	165
44706	166
29343	167
29892	168
40260	169
32357	170
32412	171
33202	172
19741	173
6227	174
33880	175
48919	176
1751	177
69153	178
2053	179
2891	180
3313	181
3976	182
51954	183
4827	184
64370	185
40465	186
40456	187
43213	188
43449	189
25007	190
45049	191
45987	192
68163	193
24221	194
46979	195
16133	196
29442	197
53315	198
57022	199
43948	200
38527	201
60661	202
60556	203
60693	204
1174	205
4341	206
67920	207
7612	208
8787	209
9470	210
11912	211
11930	212
12309	213
70560	214
64642	215
11239	216
8048	217
15783	218
16664	219
64621	220
65081	221
17755	222
13318	223
18082	224
70623	225
18983	226
47911	227
25408	228
7317	229
50992	230
19982	231
21699	232
37419	233
22616	234
23581	235
22957	236
25649	237
25411	238
27072	239
27152	240
27662	241
28105	242
28875	243
29061	244
29401	245
30275	246
30840	247
31937	248
31179	249
31375	250
32736	251
34740	252
35211	253
35373	254
45220	255
36004	256
11898	257
36347	258
19923	259
25686	260
23634	261
71055	262
15722	263
68637	264
39607	265
40512	266
47592	267
69504	268
44294	269
68180	270
35899	271
45257	272
17653	273
10516	274
59092	275
47999	276
40284	277
51448	278
52328	279
46754	280
56535	281
22198	282
59078	283
24515	284
59529	285
60296	286
59771	287
60901	288
57835	289
62012	290
51901	291
31468	292
63198	293
63556	294
65403	295
65851	296
66406	297
67306	298
67687	299
56915	300
68393	301
64500	302
36663	303
25197	304
48454	305
7704	306
68228	307
7743	308
37216	309
8127	310
8168	311
53241	312
7587	313
8683	314
57973	315
59327	316
44297	317
11728	318
10905	319
12949	320
12986	321
12917	322
13376	323
13694	324
5285	325
6018	326
6400	327
6393	328
6532	329
6477	330
7315	331
8930	332
42054	333
9245	334
8423	335
50783	336
6550	337
10479	338
10936	339
25055	340
11188	341
11554	342
11577	343
11802	344
12818	345
13029	346
12554	347
44038	348
13716	349
13970	350
64540	351
15811	352
16103	353
17260	354
16610	355
16850	356
12760	357
18510	358
19532	359
19820	360
19854	361
19864	362
20348	363
20734	364
18161	365
21872	366
44287	367
17930	368
25248	369
65523	370
21184	371
26589	372
28342	373
18673	374
29501	375
24708	376
29658	377
30687	378
30879	379
19402	380
28665	381
33780	382
30897	383
34225	384
34671	385
34680	386
34796	387
34958	388
35002	389
35051	390
36655	391
10844	392
37195	393
37225	394
58763	395
38664	396
53042	397
38646	398
39177	399
39390	400
39524	401
39513	402
39677	403
36802	404
41859	405
42154	406
42688	407
42888	408
43205	409
23858	410
43527	411
45286	412
47438	413
29435	414
5954	415
29538	416
48326	417
47711	418
48743	419
30938	420
48726	421
49065	422
49270	423
48933	424
38093	425
49935	426
49606	427
49582	428
46603	429
44117	430
51218	431
51466	432
51692	433
52427	434
52707	435
52806	436
52580	437
21055	438
51373	439
6571	440
54767	441
31104	442
55865	443
56896	444
57120	445
19838	446
57097	447
57637	448
58895	449
59148	450
59165	451
58709	452
28962	453
39799	454
55840	455
59577	456
60158	457
29947	458
62637	459
62787	460
48717	461
54980	462
63725	463
65713	464
65867	465
65914	466
66328	467
66532	468
66553	469
67542	470
68396	471
69374	472
69805	473
70374	474
70642	475
71149	476
170	477
1117	478
1392	479
62252	480
2429	481
2589	482
2643	483
2853	484
5552	485
8041	486
6616	487
6264	488
21672	489
24104	490
41103	491
23988	492
24517	493
27778	494
28384	495
25889	496
25801	497
25907	498
25867	499
25038	500
8610	501
26987	502
11515	503
14679	504
13054	505
60166	506
15311	507
6323	508
13614	509
47002	510
18896	511
19475	512
20385	513
20492	514
20435	515
21052	516
21374	517
21171	518
19546	519
22061	520
22815	521
58470	522
23087	523
23318	524
22712	525
24668	526
27713	527
26617	528
28492	529
41066	530
45070	531
31170	532
30950	533
31296	534
31786	535
23437	536
21237	537
32634	538
32791	539
33477	540
31854	541
4517	542
34334	543
35814	544
35785	545
38373	546
38390	547
39156	548
39480	549
40003	550
40101	551
19909	552
1510	553
41154	554
42490	555
42445	556
34384	557
45290	558
3104	559
2513	560
38765	561
49032	562
48920	563
38437	564
49236	565
51707	566
51499	567
52129	568
65905	569
52305	570
44129	571
54113	572
45120	573
55935	574
56030	575
27313	576
56044	577
57420	578
1988	579
60182	580
60374	581
60798	582
60564	583
62474	584
63060	585
63347	586
51603	587
63594	588
64063	589
66149	590
51972	591
66770	592
66784	593
41838	594
68304	595
68441	596
67795	597
68989	598
70037	599
70287	600
70485	601
70816	602
70878	603
922	604
788	605
1198	606
1355	607
2204	608
55414	609
5461	610
5227	611
7354	612
24231	613
11638	614
11824	615
63375	616
12272	617
49527	618
4944	619
1663	620
42201	621
9139	622
53565	623
15344	624
70100	625
40375	626
16321	627
18506	628
18724	629
17623	630
18849	631
13781	632
20897	633
20298	634
21488	635
56091	636
57912	637
55560	638
58203	639
23561	640
60316	641
48337	642
61240	643
27951	644
28645	645
28653	646
71497	647
9177	648
64587	649
32308	650
70782	651
32919	652
32021	653
18256	654
20144	655
34101	656
17205	657
38281	658
39981	659
36931	660
67594	661
59499	662
41727	663
31523	664
8619	665
39320	666
12428	667
66390	668
46536	669
46641	670
35455	671
46672	672
64294	673
69469	674
50846	675
43397	676
7195	677
13748	678
56561	679
56686	680
55193	681
58174	682
59082	683
59462	684
52510	685
60863	686
54217	687
62819	688
20699	689
63872	690
66541	691
67363	692
66902	693
66778	694
67199	695
68623	696
68883	697
67325	698
1047	699
70520	700
69066	701
6862	702
1160	703
8621	704
2471	705
2692	706
3057	707
3392	708
3849	709
4869	710
55468	711
70342	712
4078	713
6150	714
6528	715
8604	716
8642	717
8701	718
36559	719
10563	720
10652	721
11510	722
12046	723
37987	724
49913	725
12064	726
66134	727
13938	728
14070	729
14498	730
35622	731
14648	732
16587	733
18206	734
18367	735
18678	736
17632	737
19783	738
34368	739
70742	740
25723	741
27112	742
28199	743
36907	744
29592	745
38047	746
71278	747
39608	748
68988	749
27626	750
40826	751
40895	752
39272	753
50970	754
42966	755
30547	756
29369	757
47613	758
49365	759
60963	760
61968	761
61985	762
61544	763
61875	764
71331	765
37934	766
43706	767
7461	768
1224	769
44068	770
53996	771
16003	772
53379	773
67042	774
15846	775
21272	776
67538	777
71478	778
48534	779
54262	780
8996	781
9415	782
11032	783
1632	784
17835	785
17909	786
63717	787
12265	788
5182	789
13283	790
7287	791
12028	792
13159	793
13222	794
13230	795
13897	796
15061	797
15157	798
15715	799
15853	800
15926	801
15974	802
16574	803
18797	804
13916	805
25097	806
24476	807
29616	808
31088	809
33528	810
50949	811
38740	812
40457	813
49361	814
51191	815
59390	816
59995	817
61020	818
61436	819
9117	820
35461	821
40421	822
71529	823
75	824
783	825
8624	826
62572	827
64364	828
22609	829
3595	830
49996	831
18687	832
54503	833
55211	834
34687	835
35568	836
3512	837
8858	838
1915	839
42773	840
62847	841
59750	842
54876	843
65436	844
23422	845
34329	846
3174	847
66892	848
55992	849
40855	850
56596	851
32536	852
18293	853
50670	854
30613	855
70331	856
64472	857
60072	858
71509	859
60319	860
69866	861
65595	862
23423	863
636	864
4549	865
6385	866
13472	867
25730	868
47302	869
55899	870
57606	871
62141	872
62055	873
24072	874
14706	875
325	876
50041	877
29985	878
49265	879
65279	880
66650	881
68516	882
5085	883
9807	884
69135	885
36548	886
55737	887
53558	888
70078	889
52722	890
20081	891
31040	892
44404	893
62042	894
67068	895
43779	896
8114	897
21947	898
50383	899
62686	900
33139	901
20226	902
50543	903
33349	904
41130	905
38875	906
50160	907
32011	908
41000	909
59686	910
23228	911
26738	912
28082	913
40872	914
70116	915
71483	916
66544	917
2904	918
7181	919
8881	920
64363	921
29942	922
31784	923
14946	924
25887	925
68722	926
36558	927
23032	928
46840	929
33784	930
39803	931
47040	932
50533	933
4544	934
11162	935
3493	936
64581	937
68899	938
65293	939
67635	940
2455	941
5459	942
6375	943
34857	944
11255	945
11758	946
39617	947
16168	948
17613	949
30139	950
11277	951
175	952
2315	953
3304	954
47267	955
62565	956
66745	957
34881	958
36292	959
18853	960
23260	961
18015	962
31193	963
32294	964
34755	965
36632	966
36294	967
39393	968
18059	969
41464	970
28317	971
13701	972
51336	973
19306	974
46762	975
57512	976
58604	977
69393	978
60890	979
44285	980
68947	981
8905	982
12056	983
7635	984
13257	985
13914	986
16862	987
8517	988
19668	989
22278	990
24039	991
24132	992
30864	993
24263	994
27350	995
27648	996
29421	997
31789	998
32369	999
32406	1000
34405	1001
36937	1002
48117	1003
33285	1004
64969	1005
30465	1006
26116	1007
45277	1008
43591	1009
47165	1010
28039	1011
48052	1012
46786	1013
50324	1014
50510	1015
50607	1016
51761	1017
53429	1018
11569	1019
55113	1020
70188	1021
22125	1022
64344	1023
57035	1024
62323	1025
62348	1026
62857	1027
56758	1028
65301	1029
47719	1030
545	1031
21708	1032
2218	1033
4728	1034
5925	1035
71534	1036
7849	1037
9127	1038
25286	1039
15816	1040
12313	1041
21277	1042
24954	1043
27464	1044
24560	1045
28642	1046
18075	1047
52572	1048
33141	1049
3106	1050
33943	1051
38690	1052
39599	1053
383	1054
40328	1055
41335	1056
42582	1057
49308	1058
47933	1059
59401	1060
52021	1061
31682	1062
56016	1063
17312	1064
58613	1065
60331	1066
64949	1067
65298	1068
63491	1069
33866	1070
68093	1071
68912	1072
69576	1073
52591	1074
64560	1075
58657	1076
4800	1077
1496	1078
68810	1079
10132	1080
17688	1081
44485	1082
40136	1083
23388	1084
19963	1085
54730	1086
54376	1087
57274	1088
61400	1089
59557	1090
60307	1091
11420	1092
31221	1093
32299	1094
33843	1095
35779	1096
34906	1097
38348	1098
38914	1099
38934	1100
39262	1101
40282	1102
42664	1103
25359	1104
50295	1105
52751	1106
55699	1107
56147	1108
51168	1109
63086	1110
63973	1111
63458	1112
69232	1113
6119	1114
8148	1115
9085	1116
9889	1117
10058	1118
11825	1119
17924	1120
18718	1121
20028	1122
3860	1123
33994	1124
46523	1125
50604	1126
62394	1127
1724	1128
52592	1129
19928	1130
52365	1131
5238	1132
11244	1133
6758	1134
2102	1135
18666	1136
19131	1137
4856	1138
10084	1139
10335	1140
10521	1141
10639	1142
12259	1143
16289	1144
69668	1145
18742	1146
20189	1147
20758	1148
25388	1149
26873	1150
27297	1151
27164	1152
30836	1153
31156	1154
33052	1155
42164	1156
44744	1157
52147	1158
54528	1159
54650	1160
58019	1161
60334	1162
60692	1163
65805	1164
67010	1165
5321	1166
23753	1167
25412	1168
32861	1169
42122	1170
44157	1171
10783	1172
13056	1173
13043	1174
57696	1175
19193	1176
54087	1177
36784	1178
493	1179
39033	1180
11240	1181
19742	1182
25913	1183
10476	1184
33238	1185
40719	1186
46964	1187
12296	1188
59677	1189
7727	1190
11613	1191
63405	1192
70789	1193
48167	1194
55280	1195
22936	1196
57010	1197
6352	1198
42411	1199
16677	1200
48357	1201
23733	1202
36743	1203
27363	1204
21693	1205
10986	1206
22479	1207
57138	1208
11411	1209
4895	1210
52004	1211
44567	1212
59474	1213
52827	1214
36553	1215
46655	1216
59050	1217
47717	1218
68424	1219
69716	1220
37025	1221
12025	1222
8434	1223
8699	1224
10181	1225
267	1226
18114	1227
19493	1228
24885	1229
27620	1230
5978	1231
38722	1232
41688	1233
43603	1234
43353	1235
46640	1236
43113	1237
51441	1238
51494	1239
52481	1240
52136	1241
55315	1242
55491	1243
51232	1244
61910	1245
62691	1246
11809	1247
69195	1248
2706	1249
7252	1250
69820	1251
23129	1252
16039	1253
57082	1254
17363	1255
40737	1256
18295	1257
28452	1258
32445	1259
56124	1260
29680	1261
39082	1262
36060	1263
43189	1264
43700	1265
42789	1266
39935	1267
47398	1268
48395	1269
51025	1270
55762	1271
58089	1272
60170	1273
3369	1274
66929	1275
55620	1276
9034	1277
70698	1278
19714	1279
52678	1280
44446	1281
59311	1282
27115	1283
33522	1284
12221	1285
35488	1286
36082	1287
38889	1288
40664	1289
2435	1290
48506	1291
53192	1292
54716	1293
55790	1294
56354	1295
3429	1296
6625	1297
37899	1298
66416	1299
71037	1300
46085	1301
622	1302
2771	1303
14361	1304
24573	1305
35601	1306
35345	1307
43004	1308
49696	1309
44495	1310
51615	1311
46890	1312
7740	1313
54066	1314
2276	1315
64821	1316
31175	1317
28798	1318
30972	1319
2930	1320
41258	1321
67924	1322
32997	1323
55841	1324
8893	1325
13266	1326
14709	1327
15436	1328
59468	1329
24423	1330
27238	1331
36063	1332
37857	1333
46126	1334
56345	1335
56959	1336
29508	1337
13216	1338
63024	1339
63631	1340
63698	1341
732	1342
2039	1343
47448	1344
17946	1345
25122	1346
69875	1347
71107	1348
71291	1349
57249	1350
58160	1351
35660	1352
54274	1353
62091	1354
9370	1355
15440	1356
50733	1357
4352	1358
4198	1359
48370	1360
46272	1361
51021	1362
45586	1363
46494	1364
60713	1365
19066	1366
48856	1367
60971	1368
66164	1369
35141	1370
52000	1371
21712	1372
13595	1373
47677	1374
27685	1375
43883	1376
59086	1377
34196	1378
32656	1379
476	1380
7919	1381
47800	1382
14454	1383
18379	1384
65932	1385
68829	1386
70369	1387
7815	1388
12921	1389
19885	1390
23953	1391
28842	1392
34713	1393
39463	1394
40703	1395
69022	1396
21767	1397
26136	1398
19575	1399
32931	1400
52961	1401
52906	1402
30886	1403
55236	1404
10420	1405
1278	1406
13233	1407
4650	1408
8216	1409
11114	1410
54786	1411
32747	1412
38882	1413
17307	1414
55909	1415
50606	1416
18304	1417
37713	1418
19832	1419
26582	1420
28581	1421
48128	1422
17999	1423
49879	1424
69245	1425
22869	1426
66893	1427
58846	1428
64012	1429
21244	1430
36538	1431
51378	1432
18802	1433
78	1434
49143	1435
59219	1436
59444	1437
11424	1438
16485	1439
18434	1440
31209	1441
40827	1442
60670	1443
19519	1444
14029	1445
22371	1446
8970	1447
36306	1448
45642	1449
50156	1450
34765	1451
38726	1452
39689	1453
69388	1454
1728	1455
11744	1456
14465	1457
19899	1458
36450	1459
45050	1460
47249	1461
13656	1462
67410	1463
34420	1464
46369	1465
69891	1466
26624	1467
42437	1468
39282	1469
41726	1470
64423	1471
53859	1472
22723	1473
26704	1474
39746	1475
52379	1476
728	1477
1035	1478
4375	1479
55403	1480
58693	1481
63213	1482
46624	1483
58561	1484
4335	1485
6471	1486
23862	1487
27302	1488
26487	1489
41201	1490
42059	1491
60195	1492
31820	1493
47104	1494
39861	1495
68986	1496
8824	1497
12040	1498
21624	1499
31309	1500
66022	1501
46257	1502
57475	1503
61352	1504
20591	1505
58577	1506
70525	1507
13561	1508
4022	1509
12051	1510
14099	1511
15896	1512
16419	1513
16591	1514
19986	1515
22453	1516
22701	1517
28048	1518
42337	1519
45314	1520
45356	1521
48803	1522
56669	1523
60051	1524
61137	1525
61235	1526
63729	1527
937	1528
14918	1529
25244	1530
42552	1531
52076	1532
54316	1533
63438	1534
68046	1535
68523	1536
69068	1537
69002	1538
70120	1539
70421	1540
71287	1541
498	1542
8209	1543
18660	1544
37217	1545
10674	1546
44730	1547
48290	1548
48316	1549
71487	1550
12458	1551
24793	1552
39047	1553
48776	1554
33764	1555
15716	1556
30491	1557
53382	1558
62151	1559
51167	1560
43108	1561
6785	1562
47768	1563
60958	1564
22961	1565
21101	1566
10931	1567
27743	1568
47526	1569
1713	1570
1652	1571
67756	1572
52648	1573
50377	1574
28001	1575
52298	1576
47065	1577
60450	1578
23712	1579
29727	1580
54371	1581
66457	1582
71307	1583
40743	1584
43867	1585
35665	1586
15178	1587
37957	1588
22035	1589
37568	1590
23360	1591
29225	1592
35553	1593
70617	1594
4254	1595
3271	1596
14171	1597
34145	1598
53667	1599
67840	1600
22206	1601
25752	1602
51198	1603
41822	1604
58567	1605
70542	1606
55645	1607
58554	1608
67303	1609
31813	1610
25712	1611
36154	1612
24653	1613
70299	1614
39985	1615
21439	1616
43797	1617
62354	1618
36719	1619
19562	1620
60891	1621
14570	1622
2556	1623
3190	1624
70981	1625
62815	1626
19806	1627
63395	1628
33797	1629
45583	1630
28521	1631
30174	1632
66831	1633
67666	1634
60259	1635
4146	1636
5475	1637
26734	1638
16295	1639
21668	1640
25831	1641
28129	1642
28101	1643
26692	1644
41573	1645
43350	1646
46449	1647
62280	1648
66227	1649
70142	1650
70806	1651
63578	1652
59299	1653
1225	1654
42237	1655
21838	1656
54017	1657
59999	1658
66978	1659
3541	1660
12866	1661
7685	1662
68151	1663
13877	1664
32508	1665
21513	1666
32512	1667
21691	1668
35272	1669
50818	1670
33171	1671
30225	1672
49370	1673
5757	1674
45129	1675
21188	1676
9475	1677
12451	1678
22461	1679
28508	1680
26138	1681
62014	1682
65174	1683
3600	1684
61836	1685
45938	1686
51213	1687
59708	1688
67171	1689
10025	1690
11090	1691
34226	1692
11937	1693
39904	1694
62974	1695
63542	1696
67267	1697
69767	1698
9029	1699
57928	1700
14479	1701
38745	1702
35057	1703
43994	1704
8726	1705
16949	1706
23850	1707
48674	1708
51832	1709
50888	1710
70760	1711
4002	1712
14323	1713
16031	1714
37528	1715
19054	1716
52882	1717
55124	1718
61381	1719
57977	1720
68087	1721
37820	1722
24171	1723
37001	1724
14222	1725
37782	1726
52364	1727
13014	1728
56281	1729
59527	1730
9411	1731
10064	1732
10191	1733
36151	1734
39897	1735
54250	1736
58600	1737
61878	1738
12681	1739
14531	1740
59182	1741
5831	1742
10200	1743
14421	1744
14979	1745
17461	1746
17738	1747
23865	1748
23910	1749
28292	1750
30490	1751
31949	1752
33579	1753
35408	1754
43501	1755
45881	1756
46116	1757
46407	1758
46586	1759
51361	1760
56811	1761
57050	1762
59012	1763
59894	1764
62133	1765
63873	1766
68660	1767
69043	1768
70793	1769
2136	1770
2200	1771
34374	1772
49148	1773
7088	1774
27773	1775
17813	1776
30210	1777
70313	1778
10272	1779
13048	1780
13397	1781
15780	1782
21655	1783
28299	1784
41468	1785
45187	1786
53022	1787
62547	1788
4912	1789
5706	1790
23473	1791
1910	1792
36619	1793
3853	1794
16047	1795
16174	1796
40863	1797
67401	1798
61379	1799
22798	1800
61674	1801
38854	1802
28122	1803
28496	1804
33008	1805
27089	1806
63348	1807
30286	1808
60303	1809
59349	1810
28830	1811
31911	1812
35703	1813
59433	1814
51045	1815
23947	1816
55327	1817
35530	1818
37580	1819
8584	1820
1436	1821
49626	1822
17334	1823
30980	1824
41946	1825
24592	1826
20262	1827
48006	1828
10154	1829
46985	1830
23647	1831
18205	1832
40648	1833
57620	1834
1164	1835
60323	1836
58686	1837
69719	1838
6082	1839
61592	1840
67488	1841
69378	1842
64264	1843
8194	1844
52180	1845
17597	1846
26964	1847
51230	1848
64886	1849
11563	1850
37098	1851
37882	1852
48076	1853
56950	1854
71525	1855
11810	1856
12622	1857
14246	1858
23717	1859
29948	1860
32031	1861
36969	1862
50847	1863
6362	1864
3868	1865
34157	1866
57782	1867
58842	1868
61700	1869
66533	1870
66968	1871
68773	1872
2842	1873
3527	1874
16592	1875
20531	1876
1122	1877
48011	1878
54817	1879
12283	1880
20554	1881
18946	1882
16123	1883
57380	1884
60190	1885
63991	1886
66527	1887
59496	1888
61502	1889
22066	1890
41740	1891
26356	1892
31317	1893
26765	1894
70102	1895
19933	1896
14910	1897
26733	1898
60002	1899
52235	1900
61879	1901
17647	1902
36527	1903
67841	1904
71116	1905
3710	1906
5002	1907
17559	1908
66190	1909
11228	1910
21558	1911
17463	1912
52459	1913
26154	1914
35069	1915
47780	1916
10094	1917
8282	1918
35160	1919
37321	1920
66063	1921
2108	1922
59389	1923
46804	1924
1267	1925
31098	1926
58601	1927
60515	1928
33126	1929
39594	1930
2801	1931
39362	1932
43718	1933
54152	1934
66152	1935
25570	1936
14095	1937
477	1938
2558	1939
15437	1940
19520	1941
33240	1942
637	1943
33481	1944
45656	1945
68044	1946
3017	1947
36803	1948
41622	1949
40930	1950
51527	1951
22386	1952
58417	1953
12888	1954
13086	1955
26243	1956
32831	1957
580	1958
2732	1959
48911	1960
16149	1961
24014	1962
64070	1963
30849	1964
42908	1965
69291	1966
32521	1967
35335	1968
48280	1969
68864	1970
7248	1971
14292	1972
67901	1973
36049	1974
64515	1975
21523	1976
33770	1977
67500	1978
1547	1979
1282	1980
60510	1981
59358	1982
69341	1983
16206	1984
19619	1985
68934	1986
20974	1987
54129	1988
15168	1989
6449	1990
1118	1991
5031	1992
1504	1993
49838	1994
51086	1995
9593	1996
13937	1997
51333	1998
37786	1999
14614	2000
56472	2001
10231	2002
36280	2003
12356	2004
12459	2005
38256	2006
2901	2007
52870	2008
65869	2009
12126	2010
69590	2011
548	2012
1017	2013
50464	2014
70062	2015
2658	2016
51699	2017
53059	2018
2477	2019
13454	2020
25976	2021
54142	2022
27935	2023
31879	2024
11451	2025
16987	2026
27306	2027
36688	2028
4087	2029
43017	2030
12563	2031
16983	2032
44847	2033
24386	2034
26819	2035
9277	2036
16302	2037
6946	2038
67033	2039
40033	2040
15879	2041
36286	2042
36243	2043
43640	2044
33222	2045
38111	2046
6302	2047
5494	2048
27947	2049
68943	2050
4188	2051
64854	2052
10739	2053
19164	2054
26048	2055
15399	2056
54193	2057
55197	2058
24026	2059
48038	2060
65647	2061
32663	2062
30049	2063
64712	2064
58001	2065
18979	2066
10125	2067
34704	2068
8094	2069
18461	2070
11457	2071
66207	2072
42356	2073
28180	2074
40810	2075
1600	2076
38396	2077
60229	2078
60325	2079
36600	2080
51301	2081
71052	2082
56200	2083
57464	2084
45236	2085
67907	2086
57127	2087
14598	2088
48641	2089
53849	2090
49334	2091
9134	2092
68117	2093
20832	2094
5593	2095
59889	2096
54060	2097
26740	2098
40236	2099
46824	2100
49383	2101
55277	2102
62795	2103
20606	2104
71323	2105
5240	2106
20409	2107
38927	2108
127	2109
894	2110
55290	2111
32195	2112
